Time(ms),Main(mA),Main Voltage(V),
0.035809993743896484,571.820405523521,3.99925,
0.05812501907348633,652.4267137739045,3.9985,
0.0851290225982666,582.5016728725703,3.9995000000000003,
0.11318397521972656,577.0368384149172,3.999375,
0.11318397521972656,578.4030470293304,3.999375,
0.1400589942932129,580.2660587762576,3.9983750000000002,
0.16701698303222656,608.3354357632941,3.99825,
0.19391489028930664,597.2815660648594,3.9987500000000002,
0.22143101692199707,579.6450548606152,3.99825,
0.22143101692199707,580.5144603425146,3.999625,
0.24801206588745117,587.139850227111,3.999625,
0.2915940284729004,669.9527662984755,3.999375,
0.3186020851135254,749.4134353924385,3.9991250000000003,
0.3201780319213867,762.6982660065854,3.99925,
0.3461630344390869,814.7201728040394,3.9998750000000003,
0.3727428913116455,842.7797215778451,4.00025,
0.3997159004211426,880.1510675110995,3.999,
0.4338541030883789,906.3482568530154,3.9995000000000003,
0.4338541030883789,880.5235393974774,3.9985,
0.46061205863952637,891.697695988816,3.999375,
0.48763108253479004,903.4926390574511,4.00375,
0.5149080753326416,1150.5656570214924,3.999375,
0.5157339572906494,1228.9089104563216,3.997875,
0.5419600009918213,1622.115065175979,3.99975,
0.5697429180145264,1455.2476600786567,3.999375,
0.5963311195373535,1296.45047918619,3.9998750000000003,
0.6240808963775635,1424.3324935092867,3.99925,
0.6250579357147217,1936.9779664608075,4.00125,
0.6513369083404541,1372.0622721209143,3.999625,
0.6778740882873535,1694.9953976105983,4.001,
0.7056229114532471,1335.187555369497,3.9991250000000003,
0.7064990997314453,1641.6077605630917,3.9983750000000002,
0.7328989505767822,1209.540372364668,3.9987500000000002,
0.7606310844421387,1567.6100124693387,3.999375,
0.7868819236755371,1516.9538359219373,4.000375,
0.8137459754943848,1578.5358544697588,3.9991250000000003,
0.8147950172424316,1350.3347454155337,3.999375,
0.8409600257873535,672.3117549122026,4.0005,
0.8686010837554932,767.0437713476615,3.9998750000000003,
0.8959929943084717,1054.4679103359808,3.998625,
0.8971939086914062,967.0611743326216,4.0005,
0.9233670234680176,733.3971442781866,3.9985,
0.9502489566802979,711.1729883909688,3.99975,
0.9776160717010498,562.4325484307068,3.9998750000000003,
1.0048909187316895,693.5426524357458,3.999,
1.0059800148010254,691.307821117478,3.999375,
1.0323550701141357,798.3314098034094,3.9987500000000002,
1.060636043548584,569.6336715673473,3.996375,
1.0876069068908691,531.0207526794995,4.000375,
1.0876069068908691,531.2690672704182,3.9998750000000003,
1.115583896636963,516.7426637016781,4.000125,
1.143172025680542,520.219067974539,4.00025,
1.1703169345855713,505.3201925194209,3.999375,
1.1969850063323975,520.7156971563762,4.000625,
1.1978740692138672,503.4578330875312,4.0,
1.224268913269043,506.6859227694734,3.9995000000000003,
1.2570528984069824,505.1960352239616,3.999,
1.283884048461914,493.06113429338717,3.9998750000000003,
1.2852659225463867,498.52166535528227,3.9995000000000003,
1.311448097229004,499.1421802486794,3.9995000000000003,
1.338742971420288,503.36168152378013,3.9998750000000003,
1.3657119274139404,518.9986568373887,4.000125,
1.3921570777893066,503.11347556642124,3.999375,
1.3931779861450195,502.3688576943447,3.99975,
1.41914701461792,501.62423982226807,3.9991250000000003,
1.4461650848388672,502.24475471566524,3.999,
1.472588062286377,500.87962195019145,3.9987500000000002,
1.4994139671325684,509.44272747907235,3.999625,
1.4997000694274902,513.0417138607759,3.999625,
1.5258839130401611,503.60988748113897,3.9995000000000003,
1.5535480976104736,684.4279274170729,3.9998750000000003,
1.5897979736328125,502.24475471566524,3.999,
1.5897979736328125,504.72681428925387,4.0,
1.6306109428405762,502.1206517369858,3.998875,
1.6578950881958008,630.8154406275578,3.99975,
1.6846399307250977,516.2683913064411,3.9998750000000003,
1.7226839065551758,662.2134942334543,4.0,
1.7226839065551758,721.4106150635439,4.000375,
1.7505640983581543,776.0159256824944,3.99975,
1.77726411819458,798.0208862386987,3.998625,
1.8043739795684814,929.1633111072163,3.998875,
1.8049991130828857,933.3817050954183,3.99925,
1.8316049575805664,856.0858387821861,3.9995000000000003,
1.8594250679016113,857.3265428963632,3.999625,
1.8859539031982422,896.9050041386121,3.9985,
1.9138760566711426,862.0412185302362,3.999,
1.9145851135253906,861.9171481188184,3.999625,
1.9407680034637451,906.8306370520288,4.0,
1.9744389057159424,978.0470532057932,3.999625,
2.0020649433135986,990.454094347564,3.999,
2.004002094268799,959.9327731388079,3.9987500000000002,
2.030122995376587,938.4275480714838,3.9991250000000003,
2.056730031967163,1061.8722083479415,3.996875,
2.084386110305786,1153.6802973977694,4.005,
2.1110270023345947,1153.6802973977694,3.996375,
2.1110270023345947,1156.2856620870214,4.00025,
2.1383750438690186,543.7768301424264,3.9998750000000003,
2.166198968887329,911.3813812973453,3.9998750000000003,
2.1945409774780273,927.1376344180591,3.99975,
2.1945409774780273,913.8626810013948,3.9998750000000003,
2.2215030193328857,542.5361802904017,4.0,
2.2484779357910156,797.6137898666802,3.998625,
2.276865005493164,984.8606182788178,3.998125,
2.3049728870391846,687.0457134315329,3.999375,
2.3049728870391846,685.061107651626,4.002375,
2.331573009490967,784.2913966469729,3.9998750000000003,
2.3578848838806152,534.2310683786988,3.999625,
2.3855481147766113,771.6395348000661,3.9991250000000003,
2.4191200733184814,835.8911469245533,4.00275,
2.4201040267944336,641.7718940774059,4.000375,
2.446131944656372,886.6226321734244,4.0005,
2.473184108734131,674.3938515846263,3.999625,
2.500952959060669,773.1279891349964,3.999625,
2.5012400150299072,851.0237659963437,4.002375,
2.527466058731079,541.3012264696173,4.000125,
2.555643081665039,718.0551787425788,3.999375,
2.588705062866211,742.2425616851947,3.9998750000000003,
2.6163101196289062,787.3923431780776,3.997125,
2.618501901626587,726.1176397234508,4.00025,
2.644723892211914,548.6194602830241,3.99975,
2.6720681190490723,713.7138535990324,3.997125,
2.699143886566162,952.2386607715976,4.0005,
2.7005600929260254,710.6129070679278,3.9985,
2.726862907409668,534.2310683786988,4.000125,
2.7539780139923096,745.9636975225202,4.001,
2.7819199562072754,695.7587860529525,3.9955000000000003,
2.808912992477417,717.4663609431766,3.996125,
2.808912992477417,755.5476494648839,4.000125,
2.8357720375061035,652.9638526979394,3.9991250000000003,
2.869394063949585,533.2620825889896,4.00025,
2.8963499069213867,519.9894510846813,3.999625,
2.8969790935516357,534.3784721547726,3.999625,
2.923180103302002,518.5009316636373,3.9991250000000003,
2.949836015701294,576.6772323694378,3.99925,
2.9767649173736572,503.73978073828494,3.9998750000000003,
3.004957914352417,613.1459581850141,4.00075,
3.005808115005493,373.99050453728864,4.0,
3.032172918319702,470.1034941154559,3.998875,
3.059788942337036,378.8116282397367,3.9991250000000003,
3.086862087249756,377.5712496272949,4.00075,
3.089200973510742,366.53187997656255,3.999625,
3.115550994873047,363.1828577229696,3.99925,
3.1420390605926514,346.8098600387373,4.0005,
3.169296979904175,360.70210049808594,4.000375,
3.1971349716186523,337.3829825841794,3.99975,
3.1971349716186523,343.83295136887693,3.9998750000000003,
3.2251460552215576,347.6781250674466,4.000625,
3.259861946105957,356.2367374932953,3.99675,
3.286694049835205,347.2630229674925,3.9987500000000002,
3.313697099685669,346.64313181617604,3.999375,
3.313697099685669,341.0641114543277,4.000375,
3.3406150341033936,349.7425875727584,3.99975,
3.374469041824341,365.73577927672363,3.999,
3.4019720554351807,450.78484523734477,4.0005,
3.4028310775756836,477.19220828342685,3.99925,
3.4289679527282715,500.8720502637164,3.998625,
3.455857992172241,495.5409863623947,3.9987500000000002,
3.483288049697876,476.4483389018471,3.999625,
3.5107109546661377,707.543760112631,3.9985,
3.511871099472046,772.8802874613882,4.001625,
3.544471025466919,615.7998697177919,4.000125,
3.571587085723877,696.8816323099876,4.000625,
3.5995900630950928,633.1568219546534,3.998875,
3.601170063018799,640.2235810796612,3.999625,
3.6273229122161865,760.4824644350585,3.99975,
3.654325008392334,843.4239004812036,3.99925,
3.681210994720459,943.4743323036837,3.998875,
3.708153009414673,871.5669587509719,3.9991250000000003,
3.708153009414673,851.9783983693711,3.999625,
3.736314058303833,795.816260060098,3.99975,
3.764374017715454,841.3162705667277,3.999625,
3.7907960414886475,811.4199266660945,3.999375,
3.7929089069366455,815.2637557808024,3.99975,
3.819106101989746,615.3846418159882,4.002375,
3.846029043197632,861.5136996448692,4.000875,
3.8745570182800293,774.5935638574407,4.0,
3.901707887649536,743.2229585019209,4.000125,
3.902082920074463,584.881997873467,3.9995000000000003,
3.928460121154785,382.6469886447994,3.9998750000000003,
3.9562299251556396,458.2836260632465,3.999,
3.9832630157470703,664.8584423569068,3.9965,
3.9840590953826904,592.6936505904541,4.0005,
4.010344982147217,822.0834525972198,3.9965,
4.047571897506714,662.5025470930536,3.99675,
4.075377941131592,575.2104278429114,3.99975,
4.116934061050415,827.0432321000688,3.99975,
4.116934061050415,776.5774756585803,3.999,
4.143848896026611,496.7219172103262,3.99925,
4.172182083129883,562.4389956230752,4.0,
4.199157953262329,844.4024603600402,4.0,
4.20000696182251,673.1660730241789,3.9998750000000003,
4.226387977600098,559.9591058716508,3.9998750000000003,
4.253576040267944,756.6143631596132,3.999625,
4.280404090881348,588.3024139936846,4.0,
4.307585954666138,578.259738433413,3.999625,
4.30980110168457,482.2963941908183,3.9991250000000003,
4.335954904556274,676.5787720049603,3.998,
4.363660097122192,514.1601919561243,3.9998750000000003,
4.390340089797974,468.4102255148873,3.9991250000000003,
4.390340089797974,468.6581928126718,3.99975,
4.417243957519531,803.4140448217231,3.998625,
4.445578098297119,456.0118606256632,4.0005,
4.472382068634033,675.2149518671456,4.001125,
4.499440908432007,476.469162692883,3.999,
4.499440908432007,535.3613959166976,4.001125,
4.526532888412476,466.5504707815037,3.99975,
4.554965019226074,704.5990766546068,4.001125,
4.59987998008728,734.9750706332059,4.000125,
4.59987998008728,747.2494518735377,4.001625,
4.62709903717041,559.4142238017923,4.000375,
4.655663013458252,682.1580362051111,4.000625,
4.682286024093628,448.200890745452,4.0005,
4.710864067077637,367.48753531660293,4.0005,
4.713390111923218,370.09119194334005,4.000375,
4.750765085220337,340.70706715587886,3.9995000000000003,
4.777390003204346,347.0632038203505,3.99925,
4.804192066192627,355.3679304831946,3.9998750000000003,
4.804192066192627,339.2542817343926,3.9998750000000003,
4.831945896148682,334.420187109752,3.999375,
4.858678102493286,328.3465810428959,3.999625,
4.885783910751343,445.10855889959953,3.9995000000000003,
4.936976909637451,335.28784511930286,4.00075,
4.936976909637451,323.3885352740337,4.000125,
4.963558912277222,327.3549718891234,3.99925,
4.991086006164551,320.41370781271644,3.99975,
5.018959999084473,329.5860924851114,3.9998750000000003,
5.018959999084473,332.5609199464287,3.9998750000000003,
5.04607892036438,333.1806756675365,3.999375,
5.073894023895264,334.1722848213089,4.0,
5.1017680168151855,325.8675581584648,3.99975,
5.137691974639893,320.537658956938,4.0,
5.137691974639893,318.8023429378362,3.999,
5.173675060272217,341.85725576304526,3.999,
5.200632095336914,330.82560392732694,3.9991250000000003,
5.229017972946167,385.9838631059184,3.99925,
5.256761074066162,391.3137623074452,4.000125,
5.256761074066162,379.78630589484067,3.9991250000000003,
5.28364896774292,451.5990393608092,3.999,
5.311572074890137,484.0685641447093,3.999625,
5.339066028594971,472.91491059298784,3.998875,
5.339066028594971,474.154205432068,4.0005,
5.365948915481567,485.9275064033295,3.9998750000000003,
5.394390106201172,465.85093001023097,4.00025,
5.421096086502075,478.24387840103253,3.99825,
5.448009967803955,475.2695707872401,4.00025,
5.4497480392456055,472.5431221412638,3.999375,
5.4758460521698,497.70080737459097,3.998875,
5.50235390663147,664.3859632308721,3.9998750000000003,
5.5372231006622314,669.9627900067328,3.998625,
5.5372231006622314,673.3088860722492,3.99975,
5.563976049423218,746.0554931262544,3.999375,
5.590955972671509,737.0086408009693,4.000125,
5.6180760860443115,781.7471844917629,3.9985,
5.645669937133789,727.094282088328,3.9998750000000003,
5.647102117538452,705.6544813722413,3.99925,
5.673160076141357,501.91440982746354,3.99925,
5.701364994049072,453.33405213552135,4.0,
5.729356050491333,766.008140035445,4.000875,
5.730952024459839,793.2726264952084,3.999,
5.757175922393799,482.33355136999705,3.998125,
5.803294897079468,419.005585093001,3.99975,
5.830658912658691,775.0549923607301,4.0,
5.857104063034058,730.9360960894765,4.00025,
5.859694957733154,748.9058712561388,4.0005,
5.8941380977630615,811.9859785653188,3.99975,
5.9219770431518555,1054.0202606376733,3.9987500000000002,
5.959284067153931,870.1089065181781,3.9998750000000003,
5.959284067153931,865.1517271618575,3.998875,
5.9859700202941895,1386.7709249306954,4.00025,
6.013753890991211,608.369836504449,4.000875,
6.041050910949707,562.5159274584831,3.9998750000000003,
6.069660902023315,837.763311218186,3.9991250000000003,
6.071449041366577,810.6227542423305,4.0005,
6.097779035568237,557.8066070699786,4.002875,
6.1339240074157715,571.9345682354924,4.00425,
6.162062883377075,466.346647945863,4.0,
6.162506103515625,451.4751098769011,3.9995000000000003,
6.188751935958862,804.6741390147458,3.998875,
6.217257976531982,513.315922347001,3.9962500000000003,
6.252811908721924,553.9647930688301,4.000125,
6.280580997467041,497.6855903394246,4.0,
6.282335042953491,487.645108940298,3.9998750000000003,
6.308375120162964,726.5094009911252,3.9983750000000002,
6.335829019546509,561.8950886696418,3.9995000000000003,
6.3638598918914795,467.4401895815617,3.999625,
6.365875005722046,641.5991570602396,3.9998750000000003,
6.392139911651611,638.5002430481634,3.996375,
6.419089078903198,494.9585460087976,3.999375,
6.446919918060303,463.9694058880365,3.999375,
6.513638019561768,755.2673230231916,4.000125,
6.513638019561768,781.1742441641479,3.998875,
6.540963888168335,545.1609530044308,4.000375,
6.568645000457764,357.49072043310105,3.99975,
6.5952489376068115,354.639719541991,4.000125,
6.5952489376068115,354.88763266295706,3.99925,
6.623805046081543,363.4406353362872,4.00025,
6.651002883911133,339.88888884450864,3.998625,
6.677762985229492,331.21192961069556,3.999625,
6.704642057418823,329.2286246429668,3.999625,
6.704642057418823,336.0462354695343,3.99925,
6.73150897026062,327.6171893566872,3.999375,
6.759359121322632,335.0545829856699,4.000375,
6.787653923034668,376.7620907610475,4.000125,
6.814516067504883,329.41895961936325,4.000375,
6.814516067504883,330.65830860212986,3.999625,
6.8416221141815186,343.54753802290253,3.999375,
6.869623899459839,338.0944024987295,3.9995000000000003,
6.897876977920532,317.8930140796338,3.99925,
6.89824104309082,332.14552738144977,4.000125,
6.9245100021362305,344.16721251428584,4.000875,
6.95315408706665,336.35931392285624,4.000625,
6.980161905288696,325.5769777727868,3.9998750000000003,
7.008436918258667,343.0517984297959,3.9991250000000003,
7.008436918258667,341.56457965047593,4.000375,
7.0595879554748535,322.6025402141469,4.0005,
7.1001880168914795,391.2624738594168,3.999,
7.126950979232788,430.9216413079481,3.9991250000000003,
7.126950979232788,430.67377151139476,3.998875,
7.153613090515137,513.7101533567572,3.9998750000000003,
7.181514024734497,475.41426978926916,3.999375,
7.208393096923828,471.94409263752266,3.9998750000000003,
7.23554801940918,517.3042654067804,3.99975,
7.23554801940918,518.543614389547,4.00025,
7.279387950897217,495.4484319096853,4.000125,
7.30696702003479,496.3159003997723,3.999625,
7.334779977798462,483.4277971184798,3.9995000000000003,
7.336900949478149,485.65843037870354,3.9998750000000003,
7.372672080993652,542.0438822343581,3.99975,
7.399519920349121,594.8355360596522,3.999625,
7.426517009735107,740.8180905342919,3.99975,
7.453711986541748,750.8559402052985,3.9998750000000003,
7.453711986541748,749.4927754351618,3.9995000000000003,
7.48022198677063,742.9247997245031,3.999625,
7.526911973953247,738.2156850640308,4.000125,
7.553950071334839,586.4086992988072,4.002875,
7.556318998336792,505.1145093706547,4.0005,
7.582612037658691,1037.988010424093,3.999625,
7.609643936157227,768.9488544271129,3.9998750000000003,
7.636806964874268,658.9042802560772,4.002125,
7.6656270027160645,391.22828902923374,3.9995000000000003,
7.66811203956604,520.6050181222081,3.9998750000000003,
7.701136112213135,532.0060325633515,3.99825,
7.727860927581787,692.3637791594326,3.999375,
7.756230115890503,737.9678369240061,4.0,
7.757714033126831,913.9400163416532,3.998875,
7.783828973770142,370.70547653720496,3.9998750000000003,
7.8114049434661865,616.7269980772758,3.9998750000000003,
7.838915109634399,812.4287524912667,3.998875,
7.866627931594849,719.1016967130937,3.999,
7.867568016052246,374.6715665569945,4.000875,
7.893758058547974,651.6781663766712,4.001125,
7.921663045883179,613.876370875552,3.998875,
7.948761940002441,604.9526683310255,3.999625,
7.949812889099121,393.5104941509949,4.000375,
7.975981950759888,781.3197338985423,3.998875,
8.003237962722778,440.359932509759,3.9991250000000003,
8.031238079071045,579.049142889275,3.99725,
8.058947086334229,854.5684589515306,3.9987500000000002,
8.059520959854126,775.8663601213317,3.9991250000000003,
8.08586311340332,412.34942174499525,3.999375,
8.112730026245117,678.3253336971322,3.998625,
8.140902996063232,802.1417065024375,3.99825,
8.168512105941772,532.3236448436293,3.998,
8.168512105941772,479.8968923945361,4.001,
8.195595026016235,698.6515450485538,3.9991250000000003,
8.232155084609985,549.5513483670902,4.00025,
8.259217977523804,797.8037955432926,3.999375,
8.261194944381714,633.0871194089077,3.99975,
8.287368059158325,546.8963448511934,3.9985,
8.313997030258179,751.052799966768,4.000125,
8.340768098831177,493.7189804039672,4.000625,
8.376627922058105,593.3800550323351,3.999375,
8.376627922058105,557.9284787341844,3.9985,
8.403022050857544,510.20520294821216,3.997625,
8.429833889007568,451.82166296069806,3.99925,
8.456660032272339,354.639719541991,3.999625,
8.456660032272339,359.3500688403467,3.9998750000000003,
8.483519077301025,348.68980463880484,3.999375,
8.511070013046265,346.0867168686609,3.999625,
8.538022994995117,324.3943187841281,3.999,
8.570013046264648,333.9389739413225,3.9998750000000003,
8.570013046264648,330.4681902477973,3.99925,
8.597974061965942,328.23697215910244,4.00075,
8.6249840259552,340.6326282074069,4.0005,
8.653335094451904,442.5249209244697,4.000625,
8.655452966690063,448.5987923881389,4.00025,
8.681514024734497,332.2035820945599,3.9985,
8.709351062774658,324.64223190509415,3.999625,
8.737329006195068,333.0712780179412,3.999625,
8.76476502418518,332.07962553407685,4.000375,
8.766036987304688,329.4765377639329,4.000125,
8.792293071746826,333.4942411964702,4.00075,
8.819240093231201,322.83630558038084,4.00025,
8.84763789176941,342.7889524895714,3.9995000000000003,
8.84763789176941,334.8574655194584,3.998625,
8.874743938446045,335.72497190681446,4.0005,
8.901741981506348,329.6524271953217,4.000125,
8.928422927856445,322.2166581608408,4.000125,
8.955607891082764,316.391972417164,3.9995000000000003,
8.955607891082764,326.1824016458973,3.99925,
8.989703893661499,405.24941237921126,4.000125,
9.016632080078125,417.64236077001283,3.99975,
9.043018102645874,547.9161852811154,3.99925,
9.043018102645874,476.90148856858906,4.0,
9.071053981781006,478.760512042739,4.0005,
9.099313974380493,489.1710434979785,3.9995000000000003,
9.12604808807373,504.291101087731,3.9991250000000003,
9.153494119644165,495.73959310664145,3.999625,
9.155687093734741,499.0858353601113,3.99975,
9.181854009628296,493.88056963249153,3.998875,
9.208893060684204,515.8170466274604,3.999625,
9.236499071121216,530.0695599292764,3.999375,
9.263498067855835,653.5087186128301,3.99925,
9.264511108398438,628.721738957498,3.9987500000000002,
9.291254997253418,696.3879567937453,3.999625,
9.31869101524353,723.4104869790491,3.9995000000000003,
9.345654010772705,779.9346785593175,3.999625,
9.34602403640747,795.0573789382489,3.9998750000000003,
9.372330904006958,748.5736687571072,3.99925,
9.399482011795044,829.5173027525353,3.9985,
9.438215970993042,521.7331630731353,3.99925,
9.464900016784668,826.0465190590102,3.9995000000000003,
9.46645188331604,739.2769267208788,3.998875,
9.492522954940796,883.810276244109,4.000375,
9.520724058151245,649.9042466126035,4.001625,
9.557771921157837,577.1417456090563,3.9991250000000003,
9.557771921157837,590.4050975807421,3.99975,
9.585489988327026,535.2444281657872,3.99375,
9.612668991088867,681.761082656746,3.998875,
9.63935899734497,917.402504135014,3.997625,
9.666482925415039,464.7131452509347,3.999,
9.669187068939209,720.311572966973,3.9998750000000003,
9.701150894165039,464.96105837190083,3.9998750000000003,
9.748883962631226,583.5874867541746,3.9985,
9.77652907371521,880.8353187925159,3.9995000000000003,
9.77652907371521,860.2585297523304,3.997875,
9.811161041259766,910.2130236269975,3.9991250000000003,
9.851834058761597,649.9042466126035,4.0,
9.880686044692993,739.5248398418449,3.9998750000000003,
9.90779709815979,527.4351648553553,4.001375,
9.909204006195068,846.9951777806447,4.002,
9.935348987579346,466.44853709769734,3.999625,
9.962125062942505,838.8140447887637,3.999625,
9.990339994430542,579.9927465001663,3.997625,
9.990339994430542,568.9606126171753,3.99425,
10.016716957092285,656.1020746367558,3.999625,
10.053756952285767,448.3508792671728,4.000375,
10.081960916519165,755.6391927046407,3.9983750000000002,
10.110290050506592,538.2193856173802,3.999625,
10.111346960067749,751.9204958901494,3.99975,
10.137476921081543,518.7582056215422,4.000125,
10.164475917816162,833.979738929925,3.9987500000000002,
10.191517114639282,597.5945780887587,3.99975,
10.191517114639282,664.1592510681537,3.999375,
10.225797891616821,482.067063718561,3.9998750000000003,
10.252515077590942,548.0119538955407,3.99975,
10.278897047042847,427.4022205455382,3.999625,
10.306891918182373,457.5036733217549,4.0,
10.307868003845215,402.469365287385,3.9991250000000003,
10.333985090255737,355.49188162741615,4.000375,
10.360780000686646,341.48540233038057,4.00125,
10.408261060714722,336.65130770573995,3.9998750000000003,
10.408261060714722,325.8675581584648,4.00025,
10.436134099960327,328.7184344755605,3.999375,
10.46312689781189,386.9754722596908,3.9998750000000003,
10.490133047103882,333.9243825328658,3.998625,
10.517028093338013,335.4117962635244,3.999625,
10.518131017684937,329.5860924851114,3.999625,
10.544486999511719,327.3549718891234,4.000625,
10.572120904922485,322.76877955292593,4.000375,
10.600486993789673,322.27297497603973,3.9991250000000003,
10.600486993789673,317.8107337840638,4.000125,
10.627712965011597,367.01933804002067,3.999625,
10.655118942260742,317.0670269187345,3.99925,
10.682339906692505,327.478923033345,4.00025,
10.709834098815918,322.14902383181817,3.9995000000000003,
10.711962938308716,325.24780243735705,3.9991250000000003,
10.738120079040527,319.05024522627934,4.0,
10.765116930007935,433.82900477543814,4.0,
10.79162311553955,432.3415910447795,4.0005,
10.793370008468628,429.9865193045699,3.9998750000000003,
10.83799695968628,370.9857746551104,3.9998750000000003,
10.866164922714233,467.66766714792226,3.998875,
10.909013032913208,505.7206684239393,3.9995000000000003,
10.936790943145752,484.7729250504967,3.999,
10.936790943145752,495.06087002088566,3.9995000000000003,
10.979648113250732,489.4830685309158,3.999625,
11.007206916809082,497.1680394726521,4.0,
11.053491115570068,511.42242105813074,3.9998750000000003,
11.053491115570068,520.8427080189689,4.0005,
11.080502986907959,492.33394484801147,3.9998750000000003,
11.109324932098389,539.435379652202,4.00025,
11.138113975524902,681.607342074324,3.9998750000000003,
11.166143894195557,745.9379859253105,3.999375,
11.167881965637207,751.7636897037235,3.99925,
11.194092988967896,730.9398974745025,3.9995000000000003,
11.221039056777954,747.6733019444122,4.000125,
11.247881889343262,737.1374546855801,3.9998750000000003,
11.274898052215576,801.0962451039019,4.0,
11.274898052215576,806.6740465938718,4.000125,
11.301790952682495,384.2149706671131,3.999,
11.32928204536438,777.6015245049896,3.9985,
11.357471942901611,773.8833151114369,4.0005,
11.359483003616333,784.6661223527398,3.9998750000000003,
11.394864082336426,504.1891937657472,4.0005,
11.421310901641846,342.32314483308596,3.9998750000000003,
11.448962926864624,598.0120107963938,3.997375,
11.477308988571167,529.596957955024,3.9987500000000002,
11.477960109710693,650.0669423061318,3.999375,
11.504462003707886,490.5557593227206,3.99925,
11.531588077545166,652.5457485685001,4.0005,
11.558984994888306,547.444363044077,3.996125,
11.560378074645996,736.0815196103176,3.997875,
11.586620092391968,495.76125247369436,4.000375,
11.61405611038208,699.7670078666196,4.0005,
11.642252922058105,534.554570479761,4.002,
11.669902086257935,469.3619657794701,3.999,
11.669902086257935,467.7507417089306,4.000125,
11.697896957397461,843.4138307708726,3.998875,
11.725624084472656,494.15002840315486,4.00025,
11.752607107162476,609.6624002295256,3.999625,
11.752607107162476,548.1880049227875,3.998625,
11.779211044311523,717.3665323294357,4.002625,
11.80571699142456,460.4181470977932,3.9991250000000003,
11.833791017532349,750.1779392686252,3.9998750000000003,
11.86217188835144,659.3336588318331,4.0025,
11.863198041915894,673.0904325405425,3.9995000000000003,
11.88932490348816,478.26477244963235,3.99975,
11.915966033935547,867.1724832417925,3.9985,
11.94311809539795,467.85424099439285,3.998875,
11.94311809539795,445.42202440631735,3.999625,
11.971589088439941,710.7666416166472,3.9991250000000003,
11.998608112335205,646.6922992076138,4.00025,
12.025623083114624,453.4777927943003,3.9985,
12.052205085754395,710.7666416166472,3.999625,
12.052205085754395,613.2298766729155,3.9995000000000003,
12.078496932983398,656.6070910697466,3.9987500000000002,
12.105037927627563,627.7302597712848,4.00025,
12.131489038467407,474.2988557047792,4.000875,
12.13179898262024,589.1865064072433,3.99975,
12.158078908920288,517.5521352033337,3.999375,
12.184592962265015,490.6582622772984,3.998625,
12.211627006530762,332.88913677110975,4.0005,
12.238296031951904,371.92862972825776,4.000375,
12.239680051803589,384.1981846576471,3.9998750000000003,
12.265789031982422,349.2485433436289,3.9995000000000003,
12.29246997833252,325.2051730779568,4.0,
12.330286026000977,324.08975899346683,3.99925,
12.358031034469604,325.5769777727868,4.000625,
12.358031034469604,320.99138653655035,4.000125,
12.385931968688965,394.2369114180566,3.999,
12.41268801689148,324.08975899346683,3.99975,
12.448276042938232,325.7009126710634,3.99925,
12.448276042938232,325.94878246761675,4.000625,
12.475250959396362,323.09827980725356,3.9995000000000003,
12.502304077148438,332.6412669745564,4.0,
12.539951086044312,322.3546704175936,4.000625,
12.56803011894226,322.8504100107003,3.9998750000000003,
12.568670988082886,327.0641965521067,3.999,
12.594611883163452,311.5723342675241,3.99925,
12.623364925384521,325.32910797623344,3.999625,
12.650166988372803,325.5769777727868,3.9991250000000003,
12.651374101638794,323.09827980725356,3.999,
12.677603960037231,320.743516739997,3.9995000000000003,
12.713381052017212,381.22374709900726,3.999375,
12.740914106369019,361.1462935781883,3.9998750000000003,
12.769170999526978,451.61876932015036,4.00025,
12.769170999526978,448.14859216840387,3.9991250000000003,
12.796144008636475,476.9837454778336,3.9998750000000003,
12.837057113647461,472.5224789573862,3.99975,
12.863461971282959,471.65501046729923,3.999625,
12.863461971282959,470.9114660472247,3.99975,
12.890449047088623,529.0318548830531,4.000125,
12.91712999343872,582.0713568483721,3.998,
12.944082021713257,585.2933826686952,3.9995000000000003,
12.970736026763916,459.8822238161186,3.99925,
12.970736026763916,460.62576823619315,3.9983750000000002,
12.998609066009521,522.8356513824318,3.999375,
13.025597095489502,651.8406082653689,3.99925,
13.052551031112671,730.5323927232604,4.00025,
13.052551031112671,691.7441588093706,3.999625,
13.092057943344116,723.8404929425893,3.999,
13.119002103805542,807.9849364810276,3.9998750000000003,
13.145617961883545,526.925145692842,3.998625,
13.173599004745483,781.4651854983681,3.999625,
13.175374031066895,832.6458264135007,3.999625,
13.201556921005249,824.0950655826432,4.0,
13.228447914123535,497.4312170298842,3.999625,
13.256496906280518,488.1369117789521,4.000625,
13.259027004241943,453.6860203154972,3.99975,
13.292700052261353,1016.796994451968,3.9987500000000002,
13.319561958312988,1140.822076336356,3.998875,
13.346133947372437,1419.2406771677647,3.998875,
13.374336004257202,1485.4363730021246,3.99675,
13.375885009765625,1391.2252703165188,4.002875,
13.402123928070068,720.7149355448846,3.99375,
13.42908000946045,559.9362510932652,3.999625,
13.455935001373291,647.949254917976,4.00025,
13.455935001373291,653.1556579611279,3.999625,
13.482887983322144,1037.5617493138432,3.998875,
13.509445905685425,720.8388975221026,4.000625,
13.537578105926514,1018.0997188906325,3.9985,
13.575658082962036,863.3951713226903,3.999625,
13.575658082962036,889.7990724701035,3.9995000000000003,
13.602547883987427,992.0677036748731,4.0035,
13.645924091339111,730.6318937223168,3.99925,
13.672806024551392,786.6627074248088,3.9998750000000003,
13.672806024551392,790.1336427869101,3.998875,
13.699799060821533,1189.7870573374273,3.998625,
13.728336095809937,849.2635059198494,4.000875,
13.755750894546509,1113.1785554167636,3.998875,
13.782912969589233,1093.716524993553,3.99975,
13.782912969589233,1067.4365858233577,4.000125,
13.809891939163208,667.4696203892892,4.000125,
13.839343070983887,660.4031700991351,3.9991250000000003,
13.865466117858887,616.3928218008072,3.9998750000000003,
13.892497062683105,585.2756459617077,4.00075,
13.894515991210938,581.3085159742527,3.9991250000000003,
13.929923057556152,580.1927606652811,3.9987500000000002,
13.956806898117065,579.2009781684174,3.99925,
13.983568906784058,581.5564615984687,3.9995000000000003,
13.985618114471436,592.8379875002936,4.0,
14.017733097076416,585.7715372101395,4.00025,
14.044842004776001,578.2091956715536,4.0,
14.073328971862793,582.1763256590085,4.000625,
14.107739925384521,584.283863464844,3.9995000000000003,
14.107739925384521,579.6968694168492,3.9998750000000003,
14.169014930725098,578.5811141078775,3.99975,
14.196120023727417,577.4653587989059,3.999375,
14.222968101501465,581.9283800347926,3.9991250000000003,
14.225151062011719,578.8290597320935,3.999625,
14.25810194015503,578.7050869199854,3.999,
14.28516697883606,580.688651913713,3.9991250000000003,
14.31226110458374,981.9075836853054,3.999375,
14.34871792793274,596.3352875664544,3.999,
14.34871792793274,597.2031351782975,3.9987500000000002,
14.375422954559326,592.7399188888188,3.99925,
14.40283203125,589.1445502111833,3.999375,
14.430044889450073,580.4660740927526,3.9991250000000003,
14.430044889450073,582.5737040072286,4.00125,
14.457047939300537,651.5056000336212,3.999,
14.483990907669067,581.085965244069,3.9998750000000003,
14.510447978973389,577.3666183361702,3.999375,
14.53743290901184,695.0219588560382,3.9985,
14.537802934646606,593.6077665006619,3.99975,
14.564129114151001,575.0110319611675,3.9995000000000003,
14.590858936309814,589.5164849019732,3.99975,
14.61914610862732,578.9783353295929,3.9987500000000002,
14.61914610862732,583.8134863098616,4.0,
14.645869970321655,580.5900523230158,3.9987500000000002,
14.673933982849121,582.325747546702,4.000375,
14.70209002494812,575.5069448822208,3.9985,
14.729680061340332,580.7140305532791,3.999375,
14.730674982070923,583.0696169282818,3.9995000000000003,
14.756752014160156,578.4824224085398,3.999375,
14.784430027008057,580.5900523230158,3.999625,
14.811001062393188,590.4617498141721,3.9991250000000003,
14.813148975372314,585.7499592864655,3.99925,
14.841768026351929,577.194339644051,3.999625,
14.868591070175171,580.0462128581892,3.9991250000000003,
14.904863119125366,580.0462128581892,4.000125,
14.932442903518677,598.6453859938729,3.999,
14.932442903518677,584.0140364604683,3.99975,
14.959539890289307,583.270069535041,4.00075,
14.985970973968506,573.2265160417718,3.9987500000000002,
15.01252794265747,585.501970311323,3.999375,
15.014719009399414,582.1541191469,3.9998750000000003,
15.048239946365356,586.7162697516934,3.99925,
15.074579000473022,686.5274694875585,4.0,
15.10271406173706,688.2633164394865,3.99975,
15.129537105560303,588.080149499637,3.9991250000000003,
15.129537105560303,590.9318980635188,3.9995000000000003,
15.156450033187866,575.5572536321557,3.999625,
15.184667110443115,583.1205867798424,4.000375,
15.21278190612793,577.4170896520787,4.000125,
15.239837884902954,577.0451224480942,3.998875,
15.239837884902954,579.2769256720017,3.999625,
15.266765117645264,592.7917340834417,3.998625,
15.29452109336853,580.8887835559349,3.999,
15.322242975234985,810.8708407428588,3.9998750000000003,
15.322242975234985,744.4039848569172,3.998625,
15.348998069763184,916.8953963071873,3.99925,
15.377146005630493,784.5817111760311,3.998625,
15.404424905776978,608.6181505376894,3.9998750000000003,
15.432437896728516,591.2574045973315,3.9991250000000003,
15.43414306640625,609.4861878347073,3.9998750000000003,
15.460294961929321,588.0332660655507,3.999375,
15.487571001052856,587.2892340966782,4.0,
15.514441013336182,581.3369783456984,3.9995000000000003,
15.515619993209839,578.3608504702084,3.9983750000000002,
15.541836023330688,574.2686746414098,3.999375,
15.569107055664062,586.5452021278057,3.9998750000000003,
15.596868991851807,578.8568717827901,3.9985,
15.623328924179077,576.5007705480273,3.9987500000000002,
15.624754905700684,583.6930795804612,4.0005,
15.668864011764526,580.9649623612622,3.9985,
15.695812940597534,574.5166852977006,3.99925,
15.723706007003784,579.1048824390809,3.9991250000000003,
15.724765062332153,575.6327332510094,3.99975,
15.750850915908813,577.616818501336,3.999375,
15.778301000595093,576.6247758761727,3.999375,
15.806464910507202,454.7124027552606,3.9998750000000003,
15.834216117858887,444.29914162346074,3.99975,
15.834216117858887,445.78675035657506,3.9995000000000003,
15.8612699508667,444.05120683460837,4.00025,
15.888394117355347,433.01810873067757,4.001,
15.91519808769226,397.93533610806617,4.000125,
15.917575120925903,396.32375998052567,3.999375,
15.943828105926514,412.43952125593023,3.9991250000000003,
15.971580982208252,408.4725646342922,3.9995000000000003,
15.99916696548462,393.22457511987096,3.99925,
16.02616310119629,394.34028166970666,3.999375,
16.02616310119629,398.30723829134473,4.00075,
16.05261206626892,395.0840860362638,3.9995000000000003,
16.080018043518066,396.9435969526566,3.998875,
16.10683798789978,409.4643037897017,3.9995000000000003,
16.107512950897217,401.5303905464256,3.999,
16.133869886398315,396.9435969526566,4.000375,
16.1610050201416,401.03452096872087,3.99975,
16.18771004676819,400.9105535742947,4.000375,
16.21471905708313,394.0923468808543,4.00025,
16.21557092666626,395.33202082511616,3.99925,
16.2415509223938,410.20810815625885,4.000375,
16.268543004989624,391.36506420347814,3.99925,
16.30910897254944,501.05431191476157,4.000375,
16.3374240398407,528.9457567887896,3.998625,
16.338291883468628,534.1521598319415,3.99975,
16.36446189880371,556.0934297995102,3.999375,
16.392311096191406,609.3970800032083,3.99975,
16.420171976089478,533.6563119230699,3.9987500000000002,
16.420171976089478,537.4991332168249,3.9991250000000003,
16.44658088684082,581.3816731519623,4.00075,
16.474730968475342,421.5946845180861,3.999375,
16.502285957336426,505.26901914017026,4.000125,
16.529990911483765,393.9511635984939,3.99975,
16.531413078308105,429.1563651283782,4.00075,
16.5577290058136,393.3313537124044,3.99975,
16.585031032562256,394.9428594162371,4.00025,
16.61259388923645,405.231703525323,3.99825,
16.61259388923645,408.33075295577055,4.0,
16.639470100402832,394.1990875529297,3.999625,
16.66726303100586,397.05021302894147,3.99975,
16.694469928741455,396.30644116563406,3.9995000000000003,
16.721259117126465,392.4636198718791,3.9998750000000003,
16.722053050994873,393.827201621276,3.9991250000000003,
16.74828290939331,401.76076816322177,3.999375,
16.775178909301758,391.10003812248215,3.99925,
16.80316400527954,391.8992700804554,3.99975,
16.80472993850708,390.04016538367904,3.999,
16.838197946548462,393.262613524758,3.999625,
16.86445903778076,392.2710910198106,3.998125,
16.892489910125732,394.50201665594227,3.9991250000000003,
16.93861198425293,403.9214804529425,4.00075,
16.93861198425293,400.3272113725082,3.999375,
16.976654052734375,453.24972507407506,4.00025,
17.003257989883423,393.8823150903502,4.0,
17.030298948287964,442.59085814589065,3.9987500000000002,
17.03117799758911,438.2529471867458,3.999,
17.05745005607605,394.130195716587,3.9983750000000002,
17.083987951278687,404.78906264477143,3.999,
17.11171293258667,392.0232103935738,4.0,
17.13888907432556,398.9638679282055,3.99925,
17.140804052352905,394.7498972821791,3.99825,
17.166999101638794,400.07933074627135,4.000125,
17.193828105926514,397.7244647970213,4.00025,
17.220423936843872,521.6647779154449,3.9985,
17.221286058425903,506.29617908876037,3.9983750000000002,
17.247262954711914,506.29617908876037,3.998875,
17.274163961410522,395.2456585346528,3.998875,
17.301755905151367,393.35218192404176,3.9987500000000002,
17.329456090927124,391.6171691493296,3.9998750000000003,
17.329456090927124,392.48467553668564,3.999,
17.356187105178833,407.8519315412796,4.0,
17.38269591331482,434.1249821297789,3.9998750000000003,
17.410125970840454,390.2539448263414,3.9987500000000002,
17.410125970840454,393.22825244013376,3.999625,
17.438465118408203,408.8433674125437,4.000375,
17.47240900993347,403.8861880562231,3.998875,
17.49929404258728,391.7410986332376,3.9991250000000003,
17.52683711051941,391.12145121369747,3.999375,
17.527899980545044,453.8297700711534,4.000375,
17.55416488647461,396.2198697904832,3.9987500000000002,
17.58177089691162,392.62575774046,3.9991250000000003,
17.60971188545227,396.96347918014317,4.000125,
17.610759019851685,391.01460406286344,3.998875,
17.637299060821533,399.937916738783,4.001,
17.691802978515625,394.8565859094399,4.000375,
17.717950105667114,387.91623160594696,4.00025,
17.744736909866333,390.89066916458677,3.999,
17.746581077575684,393.49330202839667,4.000125,
17.772932052612305,393.74117182494996,3.999625,
17.80039691925049,393.2454322318433,4.0005,
17.829330921173096,390.5188644697568,3.9995000000000003,
17.83003807067871,394.8565859094399,3.999625,
17.85649299621582,390.39492957148013,4.000125,
17.883754014968872,394.7326510111633,4.0005,
17.91085195541382,396.96347918014317,3.998625,
17.937278032302856,394.36084631633327,3.9985,
17.937278032302856,393.9890416215033,3.99975,
17.963733911514282,390.27099467320346,3.999,
17.990801095962524,392.99756243529004,3.9998750000000003,
18.0178439617157,390.76673426631015,3.999375,
18.01904606819153,393.49330202839667,3.9995000000000003,
18.0453679561615,398.2028281629097,3.9985,
18.071830987930298,396.2198697904832,4.001,
18.099183082580566,393.86510672322663,3.999375,
18.12774395942688,391.1385389611401,4.00025,
18.129117965698242,399.31824224739967,3.999375,
18.155256986618042,418.15634678545206,3.9998750000000003,
18.18245005607605,389.0316456904369,3.99975,
18.228534936904907,491.64974146351165,3.9991250000000003,
18.25471591949463,395.8480650956532,3.9998750000000003,
18.25471591949463,395.35232550254653,4.00025,
18.283164024353027,393.74117182494996,3.999375,
18.30963706970215,462.9803255664293,3.9991250000000003,
18.33671998977661,517.8786885819347,3.99975,
18.338467121124268,523.8270439425312,3.999375,
18.36455798149109,427.4141174728626,3.999625,
18.392539024353027,415.8891789617068,3.999,
18.420171976089478,416.01310303171925,4.0,
18.447969913482666,390.2368964691343,3.99925,
18.449615001678467,400.3986702101534,3.999625,
18.49546504020691,392.9632260094077,4.0,
18.522136926651,389.9890483291095,4.00025,
18.548415899276733,395.6722704913398,3.9991250000000003,
18.54986000061035,403.35522719990956,3.999625,
18.59004807472229,391.95471079364484,3.999,
18.617042064666748,407.81629883714356,3.9998750000000003,
18.64403200149536,390.2198496013871,3.99925,
18.670830965042114,391.5829548238753,3.999,
18.670830965042114,397.53105034018733,4.001,
18.697524070739746,429.6259823969543,3.9995000000000003,
18.723963022232056,455.89673759399915,3.9995000000000003,
18.760003089904785,560.6080024124088,3.9995000000000003,
18.760003089904785,556.3947680883545,4.000625,
18.786816120147705,428.0150398612865,3.999,
18.81414008140564,416.7202383619016,4.000375,
18.84080696105957,420.06589594018624,4.00125,
18.867815017700195,422.04850783842903,3.9998750000000003,
18.867815017700195,417.9593707983033,4.0,
18.894819974899292,416.84415160554175,4.000375,
18.921535968780518,429.23547596955905,4.0,
18.94915795326233,395.4071604557918,4.000125,
18.951103925704956,399.124557764997,3.9998750000000003,
18.985029935836792,393.7962882884696,3.9998750000000003,
19.012705087661743,389.08758503014303,3.999625,
19.03982901573181,400.4876034450389,3.9995000000000003,
19.06781005859375,394.6809212386212,3.998,
19.06900906562805,393.93740929908216,3.999,
19.09501004219055,389.2285003486685,3.9995000000000003,
19.122236967086792,478.6977704065286,3.999375,
19.14926505088806,393.6895719859025,3.999,
19.150836944580078,393.81349064249235,4.00025,
19.18390703201294,417.8537100209201,3.9998750000000003,
19.21081805229187,395.6722704913398,4.0,
19.237514972686768,397.9028063099569,4.00075,
19.264512062072754,391.95471079364484,3.999375,
19.2654070854187,397.28321302700766,4.0,
19.291584968566895,398.39848093631616,4.000375,
19.319425106048584,390.69845719746525,3.9995000000000003,
19.354154109954834,391.4419366593063,3.9985,
19.354154109954834,394.04411477574996,3.9987500000000002,
19.380518913269043,399.86803722683806,3.9998750000000003,
19.40898299217224,521.0551895069271,4.0005,
19.435904026031494,389.7071512483439,3.99975,
19.463685989379883,393.54846180118926,3.9995000000000003,
19.46397089958191,390.20280422290455,3.9991250000000003,
19.490150928497314,397.3897723540346,3.99975,
19.517422914505005,391.4419366593063,3.9998750000000003,
19.54597806930542,406.06369940884673,3.99925,
19.547352075576782,392.3093293647875,3.99925,
19.573395013809204,415.48110592549983,3.999,
19.60081911087036,392.55715585206786,3.99925,
19.62827491760254,405.3202199470057,3.9991250000000003,
19.656212091445923,392.18541612114734,3.9995000000000003,
19.657028913497925,390.9462836847456,3.99925,
19.683120012283325,393.17672207026874,4.00075,
19.71932291984558,396.0267266739927,4.0,
19.746145963668823,403.46152129240306,3.99925,
19.77391505241394,389.7071512483439,3.99975,
19.774940967559814,395.4071604557918,4.000125,
19.800955057144165,390.3267174665447,4.0,
19.82886290550232,394.78759423759095,4.000125,
19.865165948867798,403.3376080487629,3.9991250000000003,
19.865165948867798,403.2136948051227,3.9983750000000002,
19.891804933547974,389.8310644919841,3.999625,
19.91839289665222,393.17672207026874,3.999625,
19.94561791419983,396.77020613583375,3.9987500000000002,
19.97283697128296,393.05280882662856,4.0,
19.973690032958984,390.3267174665447,3.9998750000000003,
19.999677896499634,401.85064912508085,3.998625,
20.02670693397522,395.9028134303525,3.9998750000000003,
20.053826093673706,389.8310644919841,3.9998750000000003,
20.053826093673706,389.7071512483439,3.99975,
20.080413103103638,404.80688441077064,3.9995000000000003,
20.108728885650635,390.1857603334915,3.998625,
20.135396003723145,392.04437780094224,3.999,
20.16255497932434,393.0356404502493,3.9998750000000003,
20.163404941558838,393.28345611257606,4.0005,
20.189399003982544,392.9117326190859,3.999375,
20.21636199951172,393.6551796060662,3.9998750000000003,
20.243223905563354,397.7441380344578,4.00025,
20.244121074676514,390.681391658145,3.998625,
20.270402908325195,391.6726543074521,3.999,
20.296942949295044,395.88552056700706,4.00025,
20.324695110321045,396.75287538515073,4.0005,
20.35179591178894,391.1770229827985,4.000875,
20.353566884994507,401.0896494758691,3.9985,
20.379512071609497,391.6726543074521,4.0,
20.42804503440857,390.4335759958183,3.9995000000000003,
20.454855918884277,401.95700429401285,4.000625,
20.455826997756958,390.4335759958183,3.99925,
20.481777906417847,389.81403684000134,4.000375,
20.508949995040894,391.54874647628867,3.999375,
20.53553605079651,391.1770229827985,4.000125,
20.56352710723877,457.11595578859794,3.999375,
20.56509304046631,394.04411477574996,4.000375,
20.591264963150024,391.68976314658664,3.9983750000000002,
20.618433952331543,395.6549869430722,3.998625,
20.644787073135376,390.8223704411054,3.998875,
20.672429084777832,408.17022455072964,4.001,
20.674138069152832,408.04631130708947,3.998875,
20.700494050979614,392.68106909570804,4.00025,
20.72726607322693,389.9549777356242,3.9998750000000003,
20.755176067352295,390.9462836847456,4.0,
20.755176067352295,390.57454395382507,3.999,
20.781466960906982,393.54846180118926,4.000375,
20.8091459274292,403.2136948051227,3.9995000000000003,
20.85090208053589,392.55715585206786,3.99975,
20.87789297103882,405.6919596779262,4.000375,
20.87789297103882,390.9462836847456,4.00025,
20.904692888259888,393.9202015321098,3.99925,
20.931791067123413,388.2201923246618,3.999,
20.959539890289307,403.46152129240306,4.000375,
20.959539890289307,401.7267358814407,3.999375,
20.989824056625366,413.9941470018178,4.00025,
21.017420053482056,393.17672207026874,3.999,
21.044815063476562,399.86803722683806,4.000125,
21.071686029434204,388.2201923246618,3.9998750000000003,
21.073067903518677,390.57454395382507,3.99925,
21.099579095840454,406.3115258961271,3.998625,
21.143635034561157,396.64629289219357,4.001,
21.193422079086304,397.63759884131497,3.9987500000000002,
21.193422079086304,397.3897723540346,3.999625,
21.22093105316162,388.7158452992225,3.9985,
21.247960090637207,406.1876126524869,3.9995000000000003,
21.27481198310852,394.29194126303025,4.00025,
21.30223798751831,431.34200111144196,3.999625,
21.303436040878296,404.824566972445,3.9998750000000003,
21.329408884048462,412.25936159085535,4.001,
21.356427907943726,409.2854437434912,4.0005,
21.38312602043152,411.1441423980938,3.99975,
21.384685039520264,427.3767773149564,3.9995000000000003,
21.410696029663086,435.55505139520784,4.000125,
21.43771195411682,426.3854713658351,4.000375,
21.464669942855835,410.4006629362528,4.0,
21.491540908813477,407.7984848198091,3.99975,
21.492391109466553,422.04850783842903,3.998625,
21.518539905548096,431.46591435508213,3.998875,
21.545491933822632,543.6073998494387,3.9987500000000002,
21.573798894882202,409.0197506703256,4.000375,
21.5748450756073,405.6742392289143,3.99925,
21.600991010665894,483.3644493683551,4.000125,
21.634485006332397,435.16430304579933,3.99925,
21.660727977752686,406.9133175405481,3.998625,
21.688684940338135,431.57097594206124,3.999625,
21.68972611427307,426.9863861890161,3.999,
21.715675115585327,425.995123539709,4.000375,
21.742692947387695,409.143658501489,3.999625,
21.76976704597473,403.31999043681003,4.000125,
21.77079200744629,425.995123539709,3.9991250000000003,
21.796833038330078,433.6774090718387,3.999625,
21.82450294494629,428.064161355312,3.999375,
21.859566926956177,390.5233680439779,4.0,
21.893666982650757,391.8862351278877,3.9995000000000003,
21.893666982650757,393.4968962270538,4.000125,
21.920505046844482,398.94836456269314,3.9995000000000003,
21.94762396812439,386.93035482276105,3.9998750000000003,
21.974399089813232,389.160500960068,3.999,
21.974399089813232,393.37299921942565,3.999,
22.011969089508057,388.2932219066709,3.9998750000000003,
22.038774013519287,401.3024077076283,3.9991250000000003,
22.06643509864807,392.134029143144,3.999625,
22.094440937042236,393.0013081965412,3.999375,
22.096385955810547,390.2755740287215,3.9998750000000003,
22.12784194946289,392.25792615077216,3.999,
22.154664993286133,398.20498251692413,4.00025,
22.181961059570312,388.9127069448117,3.9995000000000003,
22.181961059570312,405.7626999822422,3.9991250000000003,
22.210391998291016,393.4968962270538,3.9998750000000003,
22.23837900161743,391.63844111263137,4.0,
22.27736806869507,395.6031453567326,3.999375,
22.30454707145691,394.8597633109637,3.99975,
22.305856943130493,391.63844111263137,3.9998750000000003,
22.342644929885864,402.16968676102545,3.999,
22.37010097503662,390.39947103634967,3.99925,
22.39840793609619,397.83329149403966,3.9998750000000003,
22.399271965026855,393.2491022117975,3.99975,
22.425687074661255,402.04578975339723,3.999375,
22.453397035598755,453.83473894197044,3.9998750000000003,
22.480506896972656,390.89505906686236,3.9998750000000003,
22.507503032684326,393.0013081965412,4.0,
22.508506059646606,402.9130688067944,3.9998750000000003,
22.5344979763031,394.364175280451,4.000125,
22.56864905357361,388.5410159219272,4.000125,
22.596853017807007,394.48807228807914,3.9995000000000003,
22.598973989486694,395.6031453567326,3.999,
22.62568211555481,393.9924842575665,3.9995000000000003,
22.653904914855957,427.4446763171712,3.99975,
22.682504892349243,389.90388300583703,3.9998750000000003,
22.711143016815186,397.9571885016678,3.9998750000000003,
22.711143016815186,400.93071668474374,3.999,
22.737526893615723,391.26675008974684,3.99975,
22.765408992767334,392.01013213551585,3.998125,
22.792423963546753,393.4968962270538,3.99925,
22.819149017333984,386.54178129719935,3.9983750000000002,
22.819149017333984,389.01961322859165,4.000125,
22.85408306121826,390.8779871771359,3.999,
22.891987085342407,388.7718300354524,3.999625,
22.91923189163208,389.1435048251613,4.0,
22.92006802558899,385.3028653315032,3.99925,
22.946419954299927,395.95754263649013,3.9998750000000003,
22.973560094833374,391.7452283531232,4.000125,
23.00010395050049,405.1255207826416,4.001,
23.027684926986694,389.51517961487014,3.9995000000000003,
23.02874493598938,389.51517961487014,3.99975,
23.055108070373535,391.99301154626244,3.999625,
23.082520008087158,404.25827960665436,3.998875,
23.109529972076416,392.6124695291105,3.9991250000000003,
23.110920906066895,389.88685440457897,4.0,
23.14604091644287,386.41788970062976,3.999375,
23.173945903778076,387.6568056663259,3.9995000000000003,
23.201215982437134,398.80704935759127,3.99825,
23.228508949279785,390.7540955805663,4.000625,
23.2306809425354,390.50631238742704,3.9995000000000003,
23.26391911506653,392.36468633597127,4.0005,
23.299022912979126,448.48757958200696,3.999375,
23.333874940872192,600.3334419865882,3.99925,
23.333874940872192,623.7520220764675,3.9987500000000002,
23.36078190803528,596.6162070516867,3.999625,
23.3886981010437,662.6590810617696,3.9991250000000003,
23.415499925613403,662.163449737116,3.9991250000000003,
23.4423770904541,544.8227336253929,3.999625,
23.443399906158447,414.71951090384124,4.0,
23.46959900856018,432.6861464225317,4.001,
23.51509404182434,412.98480126755385,3.9991250000000003,
23.541903018951416,416.9498518647821,3.99925,
23.54366397857666,413.23261692988063,3.998875,
23.570127964019775,390.9292073204718,3.9985,
23.597954988479614,389.07058985302103,3.99975,
23.625602960586548,392.292193463269,3.9998750000000003,
23.65366005897522,551.018125183562,3.999,
23.65366005897522,561.7981064947762,3.998125,
23.680543899536133,440.3684319546614,4.0,
23.707417011260986,541.7250378463083,3.999,
23.735374927520752,410.5066446442862,3.999375,
23.736397981643677,377.79497721715325,3.999625,
23.762540102005005,408.7719350079989,4.0005,
23.789452075958252,389.07058985302103,4.00025,
23.842220067977905,375.3004276338247,3.9987500000000002,
23.869182109832764,375.0526227955059,3.9991250000000003,
23.869182109832764,379.76091472356313,3.9998750000000003,
23.909428119659424,384.46920665162037,3.9998750000000003,
23.93635106086731,373.9375010230713,3.99925,
23.963377952575684,377.40676875953454,3.999,
23.963377952575684,378.64579295112856,4.000375,
23.990427017211914,379.01750020860675,4.0005,
24.017625093460083,375.42433005298415,3.999375,
24.045526027679443,376.2916469870999,3.999375,
24.073765993118286,389.0535961605182,4.0005,
24.073765993118286,375.0526227955059,3.9998750000000003,
24.100348949432373,371.2116478015645,3.9987500000000002,
24.127933979034424,384.22140181330155,4.000625,
24.15456199645996,374.5570131188683,3.999625,
24.156575918197632,377.03506150205635,3.9995000000000003,
24.196031093597412,382.23896310675116,4.000375,
24.223506927490234,375.3004276338247,3.999,
24.250571966171265,374.0614034422307,3.998875,
24.276997089385986,378.39798811280974,3.99975,
24.276997089385986,374.9287203763465,3.99925,
24.303667068481445,380.38042681936014,4.000875,
24.331204891204834,427.72983317599636,3.998875,
24.35835289955139,377.6710693859899,4.0,
24.360673904418945,374.94509710039546,3.9998750000000003,
24.386892080307007,377.79497721715325,4.000375,
24.413578033447266,424.8799530592386,3.9998750000000003,
24.44158911705017,377.05153023017294,4.0005,
24.469348907470703,378.6623320352969,3.9998750000000003,
24.469664096832275,375.8124519185391,4.000125,
24.496031045913696,375.1929127627222,3.999,
24.52338194847107,375.56463625621234,3.999375,
24.550754070281982,388.8227741906943,3.99975,
24.550754070281982,375.1929127627222,4.0,
24.577754020690918,377.9188850483166,4.0,
24.60465407371521,373.45820312643485,3.9998750000000003,
24.63230299949646,392.6639169567591,4.000625,
24.660496950149536,373.5821109575982,3.998625,
24.662235975265503,379.5296868534406,3.9987500000000002,
24.699548959732056,480.5145692515973,3.999625,
24.72686505317688,372.09521698363767,3.9987500000000002,
24.753972053527832,374.4494657757419,3.99975,
24.755745887756348,374.69728143806867,3.999375,
24.78182601928711,376.06026758086585,3.9991250000000003,
24.809457063674927,374.5733736069053,3.9991250000000003,
24.837703943252563,379.4057790222772,4.000625,
24.8643000125885,374.69728143806867,3.99925,
24.866327047348022,373.70601878876164,3.999375,
24.892466068267822,376.431991074356,3.99975,
24.920103073120117,386.71634106091676,3.99925,
24.948174953460693,375.440728425049,3.999375,
24.974513053894043,373.829926619925,3.9995000000000003,
24.975702047348022,372.21912481480103,3.9998750000000003,
25.001924991607666,376.9276223990096,4.0,
25.029091119766235,374.20165011341516,3.9987500000000002,
25.056127071380615,391.6726543074521,4.0,
25.056127071380615,381.264396489728,3.99925,
25.089502096176147,383.12301395717867,3.9998750000000003,
25.116048097610474,376.1841754120293,4.0005,
25.143919944763184,374.07774228225173,3.99925,
25.17022705078125,412.36526211173697,3.9987500000000002,
25.171252965927124,416.3303127089652,3.999625,
25.197493076324463,377.05153023017294,3.999375,
25.225187063217163,374.4494657757419,3.99975,
25.251471042633057,372.3430326459644,3.99925,
25.252867937088013,379.15796335995043,3.9998750000000003,
25.286427974700928,380.39704167158425,4.000125,
25.320714950561523,382.98237762170754,3.9998750000000003,
25.34774398803711,371.8311598973615,3.999625,
25.375096082687378,385.83213326237376,3.99825,
25.375096082687378,386.6994501964896,3.9998750000000003,
25.401448965072632,408.38237354938474,4.00025,
25.43551993370056,371.8311598973615,3.998625,
